  6.00326096307963542E-004  0.60280158104428072     
  5.21928123352389129E-003  0.60279475258886850     
  9.83841768939294238E-003  0.60277749537589498     
  1.44578956868393407E-002  0.60274981345718248     
  1.90778754037197670E-002  0.60271171334885854     
  2.36985169502429080E-002  0.60266320402697160     
  2.83199803474188730E-002  0.60260429692310591     
  3.29424255055115744E-002  0.60253500591884579     
  3.75660122024959672E-002  0.60245534733904293     
  4.21909000625208391E-002  0.60236533994391861     
  4.68172485343774092E-002  0.60226500492000568     
  5.14452168699766482E-002  0.60215436586991977     
  5.60749641028312831E-002  0.60203344880102982     
  6.07066490265492711E-002  0.60190228211296581     
  6.53404301733354759E-002  0.60176089658402521     
  6.99764657925022876E-002  0.60160932535649658     
  7.46149138289913527E-002  0.60144760392089125     
  7.92559319019062597E-002  0.60127577009911493     
  8.38996772830575277E-002  0.60109386402659393     
  8.85463068755169280E-002  0.60090192813339394     
  9.31959771921873487E-002  0.60070000712431715     
  9.78488443343813047E-002  0.60048814795804617     
  0.10250506397041521       0.60026639982531282     
  0.10716479131421933       0.60003481412611970     
  0.11182818110395090       0.59979344444611515     
  0.11649538758063296       0.59954234653201399     
  0.12116656446679817       0.59928157826621042     
  0.12584186494514685       0.59901119964055471     
  0.13052144163722226       0.59873127272931137     
  0.13520544658209713       0.59844186166135160     
  0.13989403121506905       0.59814303259162183     
  0.14458734634637430       0.59783485367186662     
  0.14928554213991202       0.59751739502067569     
  0.15398876809197690       0.59719072869289058     
  0.15869717301001013       0.59685492864835366     
  0.16341090499135369       0.59651007072009010     
  0.16813011140202208       0.59615623258189954     
  0.17285493885548112       0.59579349371542023     
  0.17758553319143780       0.59542193537668220     
  0.18232203945463613       0.59504164056219355     
  0.18706460187366167       0.59465269397458020     
  0.19181336383975994       0.59425518198778704     
  0.19656846788565857       0.59384919261190827     
  0.20133005566438728       0.59343481545768240     
  0.20609826792811878       0.59301214170061778     
  0.21087324450700684       0.59258126404484124     
  0.21565512428803174       0.59214227668667174     
  0.22044404519384195       0.59169527527797339     
  0.22524014416161176       0.59124035688925858     
  0.23004355712189475       0.59077761997262634     
  0.23485441897747972       0.59030716432454378     
  0.23967286359073159       0.58982909106742887     
  0.24449902373818938       0.58934350255916701     
  0.24933303111070160       0.58885050240102887     
  0.25417501628843214       0.58835019539224631     
  0.25902510871808371       0.58784268748878110     
  0.26388343669175707       0.58732808576569151     
  0.26875012732582299       0.58680649837948062     
  0.27362530653126133       0.58627803453342042     
  0.27850909901368376       0.58574280443250848     
  0.28340162823988430       0.58520091925069206     
  0.28830301641202788       0.58465249109492190     
  0.29321338445090472       0.58409763296634865     
  0.29813285197481826       0.58353645872318638     
  0.30306153727846574       0.58296908304375061     
  0.30799955731183198       0.58239562138964851     
  0.31294702765909282       0.58181618996915274     
  0.31790406251751990       0.58123090570078773     
  0.32287077467640835       0.58063988617711038     
  0.32784727549600590       0.58004324962873610     
  0.33283367488646309       0.57944111488859773     
  0.33783008128679903       0.57883360135646200     
  0.34283660164389218       0.57822082896370208     
  0.34785334139148172       0.57760291813836562     
  0.35288040442920998       0.57697998977050724     
  0.35791789310169009       0.57635216517782251     
  0.36296590817759777       0.57571956607160246     
  0.36802454882881264       0.57508231452298031     
  0.37309391260958880       0.57444053292951813     
  0.37817409543578862       0.57379434398209439     
  0.38326519156414474       0.57314387063215888     
  0.38836729357160737       0.57248923605928370     
  0.39348049233470922       0.57183056363912188     
  0.39860487700904534       0.57116797691164489     
  0.40374053500878737       0.57050159954978963     
  0.40888755198630966       0.56983155532841379     
  0.41404601181186945       0.56915796809365571     
  0.41921599655339697       0.56848096173263218     
  0.42439758645639886       0.56780066014348241     
  0.42959085992392382       0.56711718720583681     
  0.43479589349670383       0.56643066675157505     
  0.44001276183598648       0.56574122254707637     
  0.44524153769896757       0.56504897824575140     
  0.45048229191767236       0.56435405735053945     
  0.45573509338703161       0.56365658321746537     
  0.46100000904221416       0.56295667901430169     
  0.46627710383961374       0.56225446769356835     
  0.47156644073801934       0.56155007196588813     
  0.47686808067998054       0.56084361427370732     
  0.48218208257336476       0.56013521676537747     
  0.48750850327313422       0.55942500126960093     
  0.49284739756334789       0.55871308927022145     
  0.49819881813938860       0.55799960188138953     
  0.50356281559046034       0.55728465982305009     
  0.50893943838233058       0.55656838339680204     
  0.51432873284034819       0.55585089246209507     
  0.51973074313275869       0.55513230641276357     
  0.52514551125430342       0.55441274415391784     
  0.53057307701016143       0.55369232407913993     
  0.53601347800017329       0.55297116404806068     
  0.54146674960346286       0.55224938136421298     
  0.54693292496337376       0.55152709275325185     
  0.55241203497279801       0.55080441434147676     
  0.55790410825988379       0.55008146163468497     
  0.56340917117413969       0.54935834949734064     
  0.56892724777296677       0.54863519213205203     
  0.57445835980862703       0.54791210305935434     
  0.58000252671563501       0.54718919509781938     
  0.58555976559863132       0.54646658034445428     
  0.59113009122074489       0.54574437015539523     
  0.59671351599242484       0.54502267512691926     
  0.60231004996080839       0.54430160507673009     
  0.60791970079958135       0.54358126902556514     
  0.61354247379944427       0.54286177517904510     
  0.61917837185906865       0.54214323090986416     
  0.62482739547667654       0.54142574274022759     
  0.63048954274219760       0.54070941632458602     
  0.63616480933032193       0.53999435645214733     
  0.64185318849245754       0.53928066697785570     
  0.64755467105244258       0.53856845084568805     
  0.65326924540085607       0.53785781007170286     
  0.65899689749021484       0.53714884572201949     
  0.66473761083101368       0.53644165789721410     
  0.67049136648850283       0.53573634571696038     
  0.67625814308014498       0.53503300730497294     
  0.68203791677384340       0.53433173977419102     
  0.68783066128688997       0.53363263921225312     
  0.69363634788570772       0.53293580066721946     
  0.69945494538635311       0.53224131813357300     
  0.70528642015581189       0.53154928453849293     
  0.71113073611412725       0.53085979172837150     
  0.71698785473730298       0.53017293045563485     
  0.72285773506109552       0.52948879036579277     
  0.72874033368560520       0.52880745998478873     
  0.73463560478076351       0.52812902670659467     
  0.74054350009266035       0.52745357678109306     
  0.74646396895076728       0.52678119530222445     
  0.75239695827606901       0.52611196619639533     
  0.75834241259005730       0.52544597221118272     
  0.76430027402467904       0.52478329490429176     
  0.77027048233318340       0.52412401463279912     
  0.77625297490189515       0.52346821054267911     
  0.78224768676293133       0.52281596055860535     
  0.78825455060787974       0.52216734137402521     
  0.79427349680238246       0.52152242844154373     
  0.80030445340172052       0.52088129596356958     
  0.80634734616733483       0.52024401688326227     
  0.81240209858432721       0.51961066287576585     
  0.81846863187990482       0.51898130433974710     
  0.82454686504281371       0.51835601038922241     
  0.83063671483864143       0.51773484886667542     
  0.83673809584476633       0.51711788627644051     
  0.84285092046168031       0.51650518782828192     
  0.84897509893792777       0.51589681742163362     
  0.85511053939530279       0.51529283763496880     
  0.86125714785409546       0.51469330971947247     
  0.86741482825932625       0.51409829359302628     
  0.87358348250789619       0.51350784783453063     
  0.87976301047670946       0.51292202967854317     
  0.88595331005176836       0.51234089501023450     
  0.89215427715815920       0.51176449836069626     
  0.89836580579099445       0.51119289290257008     
  0.90458778804726270       0.51062613044602201     
  0.91082011415861874       0.51006426143504380     
  0.91706267252502482       0.50950733494411826     
  0.92331534974930873       0.50895539867521944     
  0.92957803067258604       0.50840849895516527     
  0.93585059841053653       0.50786668073332730     
  0.94213293439053736       0.50732998757968795     
  0.94842491838959397       0.50679846168327114     
  0.95472642857310297       0.50627214385092245     
  0.96103734153440223       0.50575107350645909     
  0.96735753233508226       0.50523528869018686     
  0.97368687454606828       0.50472482605878166     
  0.98002524028938531       0.50421972088555933     
  0.98637250028070123       0.50372000706109432     
  0.99272852387248722       0.50322571709423747     
  0.99909317909789708       0.50273688211349443     
   1.0054663327152329       0.50225353186879795     
   1.0118478502530501       0.50177569473365247     
   1.0182375960558572       0.50130339770766064     
   1.0246354333215644       0.50083666643544511     
   1.0310412241697655       0.50037552516935724     
   1.0374548296763648       0.49991999679850341     
   1.0438761099172431       0.49947010285956311     
   1.0503049240204583       0.49902586353371992     
   1.0567411302148801       0.49858729765149273     
   1.0631845858791489       0.49815442269797255     
   1.0696351475910224       0.49772725481843472     
   1.0760926711770744       0.49730580882432590     
   1.0825570117625940       0.49689009819966240     
   1.0890280238218322       0.49648013510778416     
   1.0955055612283997       0.49607593039851205     
   1.1019894773059009       0.49567749361567209     
   1.1084796248786795       0.49528483300500981     
   1.1149758563227257       0.49489795552247234     
   1.1214780236166244       0.49451686684287305     
   1.1279859783926010       0.49414157136892145     
   1.1344995719875479       0.49377207224062752     
   1.1410186554940167       0.49340837134507731     
   1.1475430798112445       0.49305046932655106     
   1.1540726956959713       0.49269836559702762     
   1.1606073538132067       0.49235205834702933     
   1.1671469047868557       0.49201154455681290     
   1.1736911992500523       0.49167682000792945     
   1.1802400878954076       0.49134787929509727     
   1.1867934215248688       0.49102471583843676     
   1.1933510510993475       0.49070732189602601     
   1.1999128277880138       0.49039568857678273     
   1.2064786030172028       0.49008980585367240     
   1.2130482285189432       0.48978966257722839     
   1.2196215563672406       0.48949524650224285     
   1.2261984390526346       0.48920654427174931     
   1.2327787295187431       0.48892354144431516     
   1.2393622811966785       0.48864622252173739     
   1.2459489480587891       0.48837457095546971     
   1.2525385846641732       0.48810856916188566     
   1.2591310462035163       0.48784819853782085     
   1.2657261885433517       0.48759343947636252     
   1.2723238682695903       0.48734427138289976     
   1.2789239427303809       0.48710067269141133     
   1.2855262700782533       0.48686262088098659     
   1.2921307093115106       0.48663009249257294     
   1.2987371203148208       0.48640306314594306     
   1.3053453638990526       0.48618150755686362     
   1.3119553018402594       0.48596539955446655     
   1.3185667969178192       0.48575471209881205     
   1.3251797129517535       0.48554941729862261     
   1.3317939148391147       0.48534948642919534     
   1.3384092685894844       0.48515488995047318     
   1.3450256413595556       0.48496559752526497     
   1.3516429014867870       0.48478157803760508     
   1.3582609185220891       0.48460279961124819     
   1.3648795632615185       0.48442922962828311     
   1.3714987077770682       0.48426083474785092     
   1.3781182254463580       0.48409758092497435     
   1.3847379909814028       0.48393943342946555     
   1.3913578804563025       0.48378635686492355     
   1.3979777713339268       0.48363831518779332     
   1.4045975424915893       0.48349527172648410     
   1.4112170742446093       0.48335718920129078     
   1.4178362483478562       0.48322402975932333     
   1.4244549480897146       0.48309575494176765     
   1.4310730582408575       0.48297232575665749     
   1.4376904650988496       0.48285370268008693     
   1.4443070565074478       0.48273984567545947     
   1.4509227218748306       0.48263071421272136     
   1.4575373521907899       0.48252626728756842     
   1.4641508400427994       0.48242646344061968     
   1.4707630796310653       0.48233126077654315     
   1.4773739667825021       0.48224061698312465     
   1.4839833989636424       0.48215448935027161     
   1.4905912752924917       0.48207283478894125     
   1.4971974965493453       0.48199560984997941     
   1.5038019651865564       0.48192277074286644     
   1.5104045853372672       0.48185427335435560     
   1.5170052628231119       0.48179007326699680     
   1.5236039051609276       0.48173012577753416     
   1.5302004215684133       0.48167438591517203     
   1.5367947229688401       0.48162280845969524     
   1.5433867219947530       0.48157534795943857     
   1.5499763329906908       0.48153195874909538     
   1.5565634720150017       0.48149259496735541     
   1.5631480568406015       0.48145721057436630     
   1.5697300069549489       0.48142575936900733     
   1.5763093309817784       0.48139819500596953     
   1.5828857769880835       0.48137447101263309     
   1.5894593570179896       0.48135454080573614     
   1.5960299973979588       0.48133835770782418     
   1.6025976261551123       0.48132587496347751     
   1.6091621729969634       0.48131704576280709     
   1.6157235693333361       0.48131182324265992     
   1.6222817482741447       0.48131016050038311     
   1.6288366445878675       0.48131201062602874     
   1.6353881947090392       0.48131732670920030     
   1.6419363367290400       0.48132606185379201     
   1.6484810103862031       0.48133816919246025     
   1.6550221570551986       0.48135360190082055     
   1.6615597197358101       0.48137231321136775     
   1.6680936430409663       0.48139425642710876     
   1.6746238731842249       0.48141938493491160     
   1.6811503579666436       0.48144765221855884     
   1.6876730467630110       0.48147901187150538     
   1.6941918905075990       0.48151341760933847     
   1.7007068416792945       0.48155082328192961     
   1.7072178542862901       0.48159118288528396     
   1.7137248838502002       0.48163445057307663     
   1.7202278873897876       0.48168058066788050     
   1.7267268234041866       0.48172952767207500     
   1.7332216518557051       0.48178124627844088     
   1.7397123341522458       0.48183569138043558     
   1.7461988331293201       0.48189281808214701     
   1.7526811130316924       0.48195258170792626     
   1.7591591394947441       0.48201493781170063     
   1.7656328795254421       0.48207984218595656     
   1.7721023014830688       0.48214725087040555     
   1.7785673750596454       0.48221712016031887     
   1.7850280712601359       0.48228940661454484     
   1.7914843623823764       0.48236406706319546     
   1.7979362219968300       0.48244105861501335     
   1.8043836249128724       0.48252033866901500     
   1.8108265471759379       0.48260186491474250     
   1.8172649660727074       0.48268559533010358     
   1.8236988600583186       0.48277148820542726     
   1.8301282087568136       0.48285950214167050     
   1.8365529929400599       0.48294959605586735     
   1.8429731945065397       0.48304172918625465     
   1.8493887964601856       0.48313586109710016     
   1.8557997828890731       0.48323195168320698     
   1.8622061389441846       0.48332996117412408     
   1.8686078508181168       0.48342985013804574     
   1.8750049057238123       0.48353157948541103     
   1.8813972918733752       0.48363511047221569     
   1.8877849984568411       0.48374040470301488     
   1.8941680156211116       0.48384742413365261     
   1.9005463344489038       0.48395613107369478     
   1.9069199469377960       0.48406648818858000     
   1.9132888459794457       0.48417845850150482     
   1.9196530253388746       0.48429200539502582     
   1.9260124796338682       0.48440709261238823     
   1.9323672043145907       0.48452368425860320     
   1.9387171956433367       0.48464174480126104     
   1.9450624506744341       0.48476123907108554     
   1.9514029672343820       0.48488213226224880     
   1.9577387439021332       0.48500438993243133     
   1.9640697799896152       0.48512797800265001     
   1.9703960755224865       0.48525286275685420     
   1.9767176312210781       0.48537901084128815     
   1.9830344484816116       0.48550638926363587     
   1.9893465293576471       0.48563496539194850     
   1.9956538765418168       0.48576470695336527     
   2.0019564933387564       0.48589558203461636     
   2.0082543836455971       0.48602755908052087     
   2.0145475519935534       0.48616060687924251     
   2.0208360034541979       0.48629469457731317     
   2.0271197436508182       0.48642979167097117     
   2.0333987787418506       0.48656586800374513     
   2.0396731154045922       0.48670289376386372     
   2.0459427608191887       0.48684083948149370     
   2.0522077226529820       0.48697967602583275     
   2.0584680090452139       0.48711937460206289     
   2.0647236285919339       0.48725990674813097     
   2.0709745903313390       0.48740124433141574     
   2.0772209037294145       0.48754335954525985     
   2.0834625786658667       0.48768622490536484     
   2.0896996254204541       0.48782981324608410     
   2.0959320546596172       0.48797409771659545     
   2.1021598774234396       0.48811905177696308     
   2.1083831051129760       0.48826464919410911     
   2.1146017494779015       0.48841086403768369     
   2.1208158226045115       0.48855767067585443     
   2.1270253369040546       0.48870504377100604     
   2.1332303051014159       0.48885295827537384     
   2.1394307402241215       0.48900138942659516     
   2.1456266555917223       0.48915031274321363     
   2.1518180648054779       0.48929970402011230     
   2.1580049817383946       0.48944953932389951     
   2.1641874205256006       0.48959979498824913     
   2.1703653955550664       0.48975044760920394     
   2.1765389214586173       0.48990147404043122     
   2.1827080131033316       0.49005285138846622     
   2.1888726855832301       0.49020455700792120     
   2.1950329542112987       0.49035656849667730     
   2.2011888345118447       0.49050886369106811     
   2.2073403421944602       0.49066142066315732     
   2.2134874931825759       0.49081421771166239     
   2.2196303036120146       0.49096723335688425     
   2.2257687897823391       0.49112044634061092     
   2.2319029681708544       0.49127383561895172     
   2.2380328554268409       0.49142738035755806     
   2.2441584683660345       0.49158105992684153     
   2.2502798239654145       0.49173485389722960     
   2.2563969393582863       0.49188874203445188     
   2.2625098318296399       0.49204270429485808     
   2.2686185188264445       0.49219672081085220     
   2.2747230179193809       0.49235077190948628     
   2.2808233468135253       0.49250483809790385     
   2.2869195233595363       0.49265890004894752     
   2.2930115655405503       0.49281293860332309     
   2.2990994914691205       0.49296693476521047     
   2.3051833193843878       0.49312086969793451     
   2.3112630676494925       0.49327472471969502     
   2.3173387547492004       0.49342848129936151     
   2.3234103992877917       0.49358212105235483     
   2.3294780199871443       0.49373562573658913     
   2.3355416356850274       0.49388897724849051     
   2.3416012653336233       0.49404215761910386     
   2.3476569279982349       0.49419514901027473     
   2.3537086428561667       0.49434793371090385     
   2.3597564291958664       0.49450049413332575     
   2.3658003064161659       0.49465281280973061     
   2.3718402940257621       0.49480487238871534     
   2.3778764116428253       0.49495665563190044     
   2.3839086789947874       0.49510814541065368     
   2.3899371159183209       0.49525932470292366     
   2.3959617423593973       0.49541017659013969     
   2.4019825783735658       0.49556068425424465     
   2.4079996441263214       0.49571083097481006     
   2.4140129598936433       0.49586060012626648     
   2.4200225460437759       0.49600997517544043     
   2.4260284230739515       0.49615893967838082     
   2.4320306116163897       0.49630747727811791     
   2.4380291323967751       0.49645557170279314     
   2.4440240062556446       0.49660320676309683     
   2.4500152541495677       0.49675036635012565     
   2.4560028971524606       0.49689703443337335     
   2.4619869564569248       0.49704319505879158     
   2.4679674533756986       0.49718883234698658     
   2.4739444093431739       0.49733393049151381     
   2.4799178459170008       0.49747847375730397     
   2.4858877847797136       0.49762244647916504     
   2.4918542477404499       0.49776583306042010     
   2.4978172567367132       0.49790861797165309     
   2.5037768338361546       0.49805078574954348     
   2.5097330012384411       0.49819232099584143     
   2.5156857812771225       0.49833320837642792     
   2.5216351964215331       0.49847343262048377     
   2.5275812692787420       0.49861297851978781     
   2.5335240225955014       0.49875183092809916     
   2.5394634792602062       0.49888997476065056     
   2.5453996623048871       0.49902739499375581     
   2.5513325949071932       0.49916407666451890     
   2.5572623003923707       0.49930000487063092     
   2.5631888022352518       0.49943516477029004     
   2.5691121240622534       0.49956954158222866     
   2.5750322896532936       0.49970312058579347     
   2.5809493229437876       0.49983588712118698     
   2.5868632480265505       0.49996782658976224     
   2.5927740891537043       0.50009892445442428     
   2.5986818707385559       0.50022916624013281     
   2.6045866173574495       0.50035853753449755     
   2.6104883537515673       0.50048702398845313     
   2.6163871048286955       0.50061461131702867     
   2.6222828956649717       0.50074128530022033     
   2.6281757515065429       0.50086703178391678     
   2.6340656977712218       0.50099183668094616     
   2.6399527600500492       0.50111568597217127     
   2.6458369640879802       0.50123856570587733     
   2.6517183358300294       0.50136046200274476     
   2.6575969014137524       0.50148136105671226     
   2.6634726871379790       0.50160124913348736     
   2.6693457194818104       0.50172011257353644     
   2.6752160251058283       0.50183793779364783     
   2.6810836308532426       0.50195471128856417     
   2.6869485637509447       0.50207041963266563     
   2.6928108510105124       0.50218504948173781     
   2.6986705200291237       0.50229858757479051     
   2.7045275983903956       0.50241102073593835     
   2.7103821138651347       0.50252233587632678     
   2.7162340944120156       0.50263251999612846     
   2.7220835681781672       0.50274156018657767     
   2.7279305634996898       0.50284944363207495     
   2.7337751089020572       0.50295615761231038     
   2.7396172331004514       0.50306168950444607     
   2.7454569650000087       0.50316602678535149     
   2.7512943336959639       0.50326915703385933     
   2.7571293684737088       0.50337106793307040     
   2.7629620988087593       0.50347174727268784     
   2.7687925543892398       0.50357118294150482     
   2.7746207650565897       0.50366936295574805     
   2.7804467608467114       0.50376627544315311     
   2.7862705719933549       0.50386190864384706     
   2.7920922289188157       0.50395625091669094     
   2.7979117622333334       0.50404929074176819     
   2.8037292027343907       0.50414101672289902     
   2.8095445814059294       0.50423141759017986     
   2.8153579294174449       0.50432048220250481     
   2.8211692781230235       0.50440819955015181     
   2.8269786590602348       0.50449455875730731     
   2.8327861039489699       0.50457954908465463     
   2.8385916446901680       0.50466315993194710     
   2.8443953133644362       0.50474538084056275     
   2.8501971422305936       0.50482620149608359     
   2.8559971637241159       0.50490561173087156     
   2.8617954104554779       0.50498360152661670     
   2.8675919152084086       0.50506016101689233     
   2.8733867109380564       0.50513528048970147     
   2.8791798307690537       0.50520895038999791     
   2.8849713079934998       0.50528116132220469     
   2.8907611760427829       0.50535190404779640     
   2.8965494685523567       0.50542116950023941     
   2.9023362193149902       0.50548894877936967     
   2.9081214622707918       0.50555523315226836     
   2.9139052315159102       0.50562001405776058     
   2.9196875612999893       0.50568328310879818     
   2.9254684860235320       0.50574503209479038     
   2.9312480402352064       0.50580525298394829     
   2.9370262586290403       0.50586393792554640     
   2.9428031760415649       0.50592107925218899     
   2.9485788274488600       0.50597666948200815     
   2.9543532479635339       0.50603070132083561     
   2.9601264728316297       0.50608316766434536     
   2.9658985374294522       0.50613406160012986     
   2.9716694772603303       0.50618337640975386     
   2.9774393279513061       0.50623110557074102     
   2.9832081252497575       0.50627724275853148     
   2.9889759050199540       0.50632178184836885     
   2.9947427032395524       0.50636471691716711     
   3.0005085559960287       0.50640604224529484     
   3.0062734994830467       0.50644575231832434     
   3.0120375699967745       0.50648384182871564     
   3.0178008039321385       0.50652030567744322     
   3.0235632377790287       0.50655513897557336     
   3.0293249081184506       0.50658833704577955     
   3.0350858516186254       0.50661989542378949     
   3.0408461050310449       0.50664980985977615     
   3.0466057051864799       0.50667807631969497     
   3.0523646889909450       0.50670469098653903     
   3.0581230934216226       0.50672965026154082     
   3.0638809555227478       0.50675295076531268     
   3.0696383124014575       0.50677458933890507     
   3.0753952012236043       0.50679456304481874     
   3.0811516592095378       0.50681286916792512     
   3.0869077236298579       0.50682950521634118     
   3.0926634318011370       0.50684446892220691     
   3.0984188210816228       0.50685775824242429     
   3.1041739288926684       0.50686937135147492     
   3.1099287926460364       0.50687930666290670     
   3.1156834497898269       0.50688756281431568     
   3.1214379378054700       0.50689413866745037     
   3.1271922941942747       0.50689903331136565     
   3.1329465564730277       0.50690224606270562     
   3.1387007621695808       0.50690377646592411     
   3.1444549488184399       0.50690362429344271     
   3.1502091539563399       0.50690178954570186     
   3.1559634151178289       0.50689827245118246     
   3.1617177698217285       0.50689307346360046     
   3.1674722555680970       0.50688619326208262     
   3.1732269098844172       0.50687763276611364     
   3.1789817702524301       0.50686739311482587     
   3.1847368741296509       0.50685547567429157     
   3.1904922589449947       0.50684188203706215     
   3.1962479620944144       0.50682661402167184     
   3.2020040209365570       0.50680967367204099     
   3.2077604727884403       0.50679106325684364     
   3.2135173549211555       0.50677078526875763     
   3.2192747045555885       0.50674884242369067     
   3.2250325588581759       0.50672523765989852     
   3.2307909549366856       0.50669997413707246     
   3.2365499298360327       0.50667305523531025     
   3.2423095205341275       0.50664448455407141     
   3.2480697639377629       0.50661426591102343     
   3.2538306968785355       0.50658240334085958     
   3.2595923561088176       0.50654890109400708     
   3.2653547782977586       0.50651376363532685     
   3.2711180000273470       0.50647699564269644     
   3.2768820577885100       0.50643860200556445     
   3.2826469879772642       0.50639858782344460     
   3.2884128268909238       0.50635695840432760     
   3.2941796107243548       0.50631371926305857     
   3.2999473755662909       0.50626887611965266     
   3.3057161573957110       0.50622243489753138     
   3.3114859920782616       0.50617440172175387     
   3.3172569153627580       0.50612478291715013     
   3.3230289628777450       0.50607358500641342     
   3.3288021701281134       0.50602081470816662     
   3.3345765724917955       0.50596647893496283     
   3.3403522052165302       0.50591058479121831     
   3.3461291034166836       0.50585313957116129     
   3.3519073020701668       0.50579415075666601     
   3.3576868360154060       0.50573362601510008     
   3.3634677399484016       0.50567157319710443     
   3.3692500484198571       0.50560800033435183     
   3.3750337958323975       0.50554291563724840     
   3.3808190164659644       0.50547632748719395     
   3.3866057443995077       0.50540824444901444     
   3.3923940135664608       0.50533867525706977     
   3.3981838577507379       0.50526762881326648     
   3.4039753105754702       0.50519511418635266     
   3.4097684055007083       0.50512114060948310     
   3.4155631758212333       0.50504571747772831     
   3.4213596546644389       0.50496885434558547     
   3.4271578749883194       0.50489056092445928     
   3.4329578695795417       0.50481084708013002     
   3.4387596710516046       0.50472972283021844     
   3.4445633118430985       0.50464719834162997     
   3.4503688242160546       0.50456328392799088     
   3.4561762402543805       0.50447799004709759     
   3.4619855918624127       0.50439132729832337     
   3.4677969107635338       0.50430330642006882     
   3.4736102284989134       0.50421393828717409     
   3.4794255764263236       0.50412323390836566     
   3.4852429857190552       0.50403120442369675     
   3.4910624873547889       0.50393786109763727     
   3.4968841121235994       0.50384321532026177     
   3.5027078906614753       0.50374727861951085     
   3.5085338533949804       0.50365006263533851     
   3.5143620305622498       0.50355157912638204     
   3.5201924522124752       0.50345183996749931     
   3.5260251482055001       0.50335085714731365     
   3.5318601482115000       0.50324864276579317     
   3.5376974817107794       0.50314520903183435     
   3.5435371779936222       0.50304056826092003     
   3.5493792661602774       0.50293473287276436     
   3.5552237751210143       0.50282771538901638     
   3.5610707335962677       0.50271952843100276     
   3.5669201701168909       0.50261018471749463     
   3.5727721130244721       0.50249969706253994     
   3.5786265904717678       0.50238807837331367     
   3.5844836304231911       0.50227534164804744     
   3.5903432606554251       0.50216149997396575     
   3.5962055087580831       0.50204656652531743     
   3.6020704021344669       0.50193055456143798     
   3.6079379680024082       0.50181347742487248     
   3.6138082333951886       0.50169534853955433     
   3.6196812251625246       0.50157618140905680     
   3.6255569699931498       0.50145598961292004     
   3.6314354943680582       0.50133478680957555     
   3.6373168245758878       0.50121258673320723     
   3.6432009867433734       0.50108940318966089     
   3.6490880068197424       0.50096525005663228     
   3.6549779105781175       0.50084014128232512     
   3.6608707236169957       0.50071409088417851     
   3.6667664713617700       0.50058711294768221     
   3.6726651790663132       0.50045922162526613     
   3.6785668718146067       0.50033043113527909     
   3.6844715745224348       0.50020075576103618     
   3.6903793119390951       0.50007020984997697     
   3.6962901086491922       0.49993880781287853     
   3.7022039890744169       0.49980656412319874     
   3.7081209774754238       0.49967349331646294     
   3.7140410979536824       0.49953960998978653     
   3.7199643744533919       0.49940492880146597     
   3.7258908307634062       0.49926946447067372     
   3.7318204905191878       0.49913323177724811     
   3.7377533772047555       0.49899624556159144     
   3.7436895141546853       0.49885852072464287     
   3.7496289245560739       0.49872007222798470     
   3.7555716314505183       0.49858091509403596     
   3.7615176577361362       0.49844106440632929     
   3.7674670261694967       0.49830053530994078     
   3.7734197593676355       0.49815934301196396     
   3.7793758798099772       0.49801750278214524     
   3.7853354098402727       0.49787502995359678     
   3.7912983716685149       0.49773193992361997     
   3.7972647873728191       0.49758824815463576     
   3.8032346789012443       0.49744397017524344     
   3.8092080680736133       0.49729912158136008     
   3.8151849765832715       0.49715371803748137     
   3.8211654259987675       0.49700777527806750     
   3.8271494377655291       0.49686130910900778     
   3.8331370332074277       0.49671433540922599     
   3.8391282335283008       0.49656687013237760     
   3.8451230598133908       0.49641892930866566     
   3.8511215330447834       0.49627052904685348     
   3.8571236740851855       0.49612168553633262     
   3.8631295036466322       0.49597241504877726     
   3.8691390423525975       0.49582273394084425     
   3.8751523107138719       0.49567265865643534     
   3.8811693291294578       0.49552220572915046     
   3.8871901178873158       0.49537139178486655     
   3.8932146971650146       0.49522023354440675     
   3.8992430870302535       0.49506874782631483     
   3.9052753074412236       0.49491695154974785     
   3.9113113782468774       0.49476486173744338     
   3.9173513191870040       0.49461249551881331     
   3.9233951498921904       0.49445987013311571     
   3.9294428898835920       0.49430700293274177     
   3.9354945585725565       0.49415391138658576     
   3.9415501752601001       0.49400061308350152     
   3.9476097591361503       0.49384712573587253     
   3.9536733292786392       0.49369346718325730     
   3.9597409046524397       0.49353965539610695     
   3.9658125041065100       0.49338570847862062     
   3.9718881463532361       0.49323164466017144     
   3.9779678500335129       0.49307748234250948     
   3.9840516336449090       0.49292324005869048     
   3.9901395155633574       0.49276893649255360     
   3.9962315140408000       0.49261459048291784     
   4.0023276472026028       0.49246022102784404     
   4.0084279330446897       0.49230584728898108     
   4.0145323894305154       0.49215148859593649     
   4.0206410340877019       0.49199716445074149     
   4.0267538846044726       0.49184289453235058     
   4.0328709584258302       0.49168869870118687     
   4.0389922728494216       0.49153459700375285     
   4.0451178450211867       0.49138060967726654     
   4.0512476919306897       0.49122675715434461     
   4.0573818304062019       0.49107306006771506     
   4.0635202771164654       0.49091953925571308     
   4.0696630485757623       0.49076621576833451     
   4.0758101610637461       0.49061311086384857     
   4.0819616307081885       0.49046024602305738     
   4.0881174734465260       0.49030764295081164     
   4.0942777050191399       0.49015532358083724     
   4.1004423409623403       0.49000331008056142     
   4.1066113966010080       0.48985162485594119     
   4.1127848870409682       0.48970029055627184     
   4.1189628271609742       0.48954933007899964     
   4.1251452316044031       0.48939876657450831     
   4.1313321147706548       0.48924862345086806     
   4.1375234908061449       0.48909892437858093     
   4.1437193735950304       0.48894969329527027     
   4.1499197767495604       0.48880095441034194     
   4.1561247136001249       0.48865273220958955     
   4.1623341971849435       0.48850505145975298     
   4.1685482402394030       0.48835793721302417     
   4.1747668551850881       0.48821141481147712     
   4.1809900541184426       0.48806550989143876     
   4.1872178487991114       0.48792024838777670     
   4.1934502506379170       0.48777565653811333     
   4.1996872706845156       0.48763176088694410     
   4.2059289196147036       0.48748858828966574     
   4.2121752077173733       0.48734616591650987     
   4.2184261448811782       0.48720452125635172     
   4.2246817405807722       0.48706368212043660     
   4.2309420038628218       0.48692367664595432     
   4.2372069433316168       0.48678453329951182     
   4.2434765671343415       0.48664628088047057     
   4.2497508829460857       0.48650894852413651     
   4.2560298979544724       0.48637256570481696     
   4.2623136188439803       0.48623716223872665     
   4.2686020517897241       0.48610276828883298     
   4.2748952024392448       0.48596941436721808     
   4.2811930758423085       0.48583713132564799     
   4.2874956765077235       0.48570595037368502     
   4.2938030083582230       0.48557590307484422     
   4.3001150747129486       0.48544702134847401     
   4.3064318782697137       0.48531933747143152     
   4.3127534210869758       0.48519288407956401     
   4.3190797045655325       0.48506769416898698     
   4.3254107294299633       0.48494380109715068     
   4.3317464957098446       0.48482123858368709     
   4.3380870027207141       0.48470004071103556     
   4.3444322490447895       0.48458024192484617     
   4.3507822325114818       0.48446187703414434     
   4.3571369501777113       0.48434498121125663     
   4.3634963983080208       0.48422958999149279     
   4.3698605723544626       0.48411573927258633     
   4.3762294669363753       0.48400346531386834     
   4.3826030758199437       0.48389280473519247     
   4.3889813918976435       0.48378379451559028     
   4.3953644071675546       0.48367647199165598     
   4.4017521127124812       0.48357087485567080     
   4.4081444986790546       0.48346704115343436     
   4.4145415542566973       0.48336500928182125     
   4.4209432676565008       0.48326481798605364     
   4.4273496260900380       0.48316650635668390     
   4.4337606157481648       0.48307011382627740     
   4.4401762217797334       0.48297568016580850     
   4.4465964282703334       0.48288324548074851     
   4.4530212182210223       0.48279285020685292     
   4.4594505735270511       0.48270453510564559     
   4.4658844749566562       0.48261834125958875     
   4.4723229021645610       0.48253431007886388     
   4.4787658335659302       0.48245248326020906     
   4.4852132464210479       0.48237290281668910     
   4.4916651167789947       0.48229561105986879     
   4.4981214194569237       0.48222065059340369     
   4.5045821280194165       0.48214806430631552     
   4.5110472147580847       0.48207789536593842     
   4.5175166506712543       0.48201018721055389     
   4.5239904054439579       0.48194498354169119     
   4.5304684474281185       0.48188232831610767     
   4.5369507436230005       0.48182226573744408     
   4.5434372596558896       0.48176484024756067     
   4.5499279597631181       0.48171009651754121     
   4.5564228067713852       0.48165807943838002     
   4.5629217620794558       0.48160883411133998     
   4.5694247856401500       0.48156240583799603     
   4.5759318359427521       0.48151884010995583     
   4.5824428699958606       0.48147818259825803     
   4.5889578433105909       0.48144047914246058     
   4.5954767098842879       0.48140577573940885     
   4.6019994221846883       0.48137411853169415     
   4.6085259311345892       0.48134555379580202     
   4.6150561860969974       0.48132012792995577     
   4.6215901348608686       0.48129788744165297     
   4.6281277236273972       0.48127887893490423     
   4.6346688969968346       0.48126314909717743     
   4.6412135979559803       0.48125074468604684     
   4.6477617678662835       0.48124171251555492     
   4.6543133464525770       0.48123609944229295     
   4.6608682717924594       0.48123395235120009     
   4.6674264803329955       0.48123531815435849     
   4.6739879068052819       0.48124024373857621     
   4.6805524842841937       0.48124877598361204     
   4.6871201441665828       0.48126096174025279     
   4.6936908161598883       0.48127684781264957     
   4.7002644282760579       0.48129648094255889     
   4.7068409068262103       0.48131990779334793     
   4.7134202638388896       0.48134717493376944     
   4.7200022473653345       0.48137832882150960     
   4.7265868660133528       0.48141341578652175     
   4.7331740392543153       0.48145248201414914     
   4.7397636848449141       0.48149557352804534     
   4.7463557188270826       0.48154273617290189     
   4.7529500555288378       0.48159401559698828     
   4.7595466075660955       0.48164945723451630     
   4.7661452858453490       0.48170910628783242     
   4.7727459995674506       0.48177300770945142     
   4.7793486562322762       0.48184120618393811     
   4.7859531616444313       0.48191374610964383     
   4.7925594199199626       0.48199067158031311     
   4.7991673334940561       0.48207202636656132     
   4.8057768031298131       0.48215785389724092     
   4.8123877279280016       0.48224819724069923     
   4.8190000053378945       0.48234309908594292     
   4.8256135311691466       0.48244260172371489     
   4.8322281996046890       0.48254674702749450     
   4.8388439032147410       0.48265557643443258     
   4.8454605329718516       0.48276913092623147     
   4.8520779782670092       0.48288745100997721     
   4.8586961269335882       0.48301057670376674     
   4.8653148652639482       0.48313854751670171     
   4.8719340779920284       0.48327140240279054     
   4.8785536483648926       0.48340917977822706     
   4.8851734581446085       0.48355191748843429     
   4.8917933876307673       0.48369965278884081     
   4.8984133156840404       0.48385242232568149     
   4.9050331197507928       0.48401026211683684     
   4.9116526758887469       0.48417320753272097     
   4.9182718587936787       0.48434129327722752     
   4.9248905418271400       0.48451455336874388     
   4.9315085970452008       0.48469302112124613     
   4.9381258952282154       0.48487672912548546     
   4.9447423059115536       0.48506570923027109     
   4.9513576974173246       0.48525999252386409     
   4.9579719368871125       0.48545960931549897     
   4.9645848903155869       0.48566458911702476     
   4.9711964225851304       0.48587496062469737     
   4.9778063975013218       0.48609075170111588     
   4.9844146778293750       0.48631198935732345     
   4.9910211253314181       0.48653869973507630     
   4.9976256008046587       0.48677090808929258     
   5.0042279641203926       0.48700863877069311     
   5.0108280742638431       0.48725191520864142     
   5.0174257893747320       0.48750075989418123     
   5.0240209667887212       0.48775519436330611     
   5.0306134630795505       0.48801523918044609     
   5.0372031341018859       0.48828091392218737     
   5.0437898350348815       0.48855223716123558     
   5.0503734204264266       0.48882922645063387     
   5.0569537442521675       0.48911189832352359     
   5.0635306599232148       0.48940026823777949     
   5.0701040203596115       0.48969435058918165     
   5.0766736780387829       0.48999415869932789     
   5.0832394850371037       0.49029970479527524     
   5.0898012930775298       0.49061099999541447     
   5.0963589535776839       0.49092805429565151     
   5.1029123176983839       0.49125087655589650     
   5.1094612363926046       0.49157947448687789     
   5.1160055604547265       0.49191385463726062     
   5.1225451405701747       0.49225402238110466     
   5.1290798273653149       0.49259998190564758     
   5.1356094714576530       0.49295173619943178     
   5.1421339235062256       0.49330928704076876     
   5.1486530342621872       0.49367263498655045     
   5.1551666546195927       0.49404177936141808     
   5.1616746356662278       0.49441671824727301     
   5.1681768287346204       0.49479744847316554     
   5.1746730854530369       0.49518396560553268     
   5.1811632577965243       0.49557626393880710     
   5.1876471981379275       0.49597433648639433     
   5.1941247592988891       0.49637817497203013     
   5.2005957946006891       0.49678776982149586     
   5.2070601579150386       0.49720311015472501     
   5.2135177037147038       0.49762418377829143     
   5.2199682871238924       0.49805097717825902     
   5.2264117639684935       0.49848347551343869     
   5.2328479908260164       0.49892166260901410     
   5.2392768250752360       0.49936552095054954     
   5.2456981249455481       0.49981503167839547     
   5.2521117495749738       0.50027017459880163     
   5.2585175590348472       0.50073092813683806     
   5.2649154143947845       0.50119726936018649     
   5.2713051777725290       0.50166917397979738     
   5.2776867123772728       0.50214661633920998     
   5.2840598825563720       0.50262956941125170     
   5.2904245538416355       0.50311800479515045     
   5.2967805929949865       0.50361189271401163     
   5.3031278680535578       0.50411120201268378     
   5.3094662483741732       0.50461590015600299     
   5.3157956046772021       0.50512595322742138     
   5.3221158090897429       0.50564132592801136     
   5.3284267351881276       0.50616198157584646     
   5.3347282580396946       0.50668788210574855     
   5.3410202542438681       0.50721898806942023     
   5.3473026019724710       0.50775525863594073     
   5.3535751810092496       0.50829665159262383     
   5.3598378727886411       0.50884312334624959     
   5.3660905604336975       0.50939462892465071     
   5.3723331287932137       0.50995112197866388     
   5.3785654644779930       0.51051255478443269     
   5.3847874558962658       0.51107887824606735     
   5.3909989932882185       0.51165004189864860     
   5.3971999687596757       0.51222599391159285     
   5.4033902763148429       0.51280668109234828     
   5.4095698118881517       0.51339204889043311     
   5.4157384733752121       0.51398204140182457     
   5.4218961606627785       0.51457660137366079     
   5.4280427756578460       0.51517567020929844     
   5.4341782223157358       0.51577918797367617     
   5.4403024066672918       0.51638709339902678     
   5.4464152368489120       0.51699932390674408     
   5.4525166231178321       0.51761581557476921     
   5.4586064778825136       0.51823650316535563     
   5.4646847157282776       0.51886132014300212     
   5.4707512534372933       0.51949019867275226     
   5.4768060100099794       0.52012306962778998     
   5.4828489066853603       0.52075986259730800     
   5.4888798669605103       0.52140050589470155     
   5.4948988166090080       0.52204492656605250     
   5.5009056836983925       0.52269305039889213     
   5.5069003986067031       0.52334480193127919     
   5.5128828940380297       0.52400010446115242     
   5.5188531050371257       0.52465888005598116     
   5.5248109690030365       0.52532104956268200     
   5.5307564257018438       0.52598653261784889     
   5.5366894172784002       0.52665524765822480     
   5.5426098882671937       0.52732711193148418     
   5.5485177856022645       0.52800204150727736     
   5.5544130586262082       0.52867995128854917     
   5.5602956590982942       0.52936075502314006     
   5.5661655412016717       0.53004436531565025     
   5.5720226615497053       0.53073069363957737     
   5.5778669791914295       0.53141965034972316     
   5.5836984556161644       0.53211114469487375     
   5.5895170547572697       0.53280508483074851     
   5.5953227429950632       0.53350137783320839     
   5.6011154891589197       0.53419992971173202     
   5.6068952645285828       0.53490064542318161     
   5.6126620428346321       0.53560342888579060     
   5.6184158002582381       0.53630818299347027     
   5.6241565154301068       0.53701480963035364     
   5.6298841694286708       0.53772320968560394     
   5.6355987457775774       0.53843328306851201     
   5.6413002304420417       0.53914492874673048     
   5.6469886118255088       0.53985804469534837     
   5.6526638807650613       0.54057252797444943     
   5.6583260305257941       0.54128827472986019     
   5.6639750567948566       0.54200518020704391     
   5.6696109576748333       0.54272313876782063     
   5.6752337336765137       0.54344204390737416     
   5.6808433877110209       0.54416178827151862     
   5.6864399250813964       0.54488226367428139     
   5.6920233534735623       0.54560336111573537     
   5.6975936829467484       0.54632497080014508     
   5.7031509259233717       0.54704698215438630     
   5.7086950971783885       0.54776928384666990     
   5.7142262138281232       0.54849176380554510     
   5.7197442953186215       0.54921430923921744     
   5.7252493634135142       0.54993680665516220     
   5.7307414421814098       0.55065914188003140     
   5.7362205579828593       0.55138120007988678     
   5.7416867394568714       0.55210286578072776     
   5.7471400175070091       0.55282402288933064     
   5.7525804252871096       0.55354455471442621     
   5.7580079981865868       0.55426434398816760     
   5.7634227738153809       0.55498327288794413     
   5.7688247919885560       0.55570122305851843     
   5.7742140947105289       0.55641807563447221     
   5.7795907261590074       0.55713371126302291     
   5.7849547326685764       0.55784801012713336     
   5.7903061627140051       0.55856085196899186     
   5.7956450668932735       0.55927211611383110     
   5.8009714979103038       0.55998168149407512     
   5.8062855105574389       0.56068942667384736     
   5.8115871616976804       0.56139522987383061     
   5.8168765102466837       0.56209896899647771     
   5.8221536171545241       0.56280052165157357     
   5.8274185453872516       0.56349976518215694     
   5.8326713599054720       0.56419657670285372     
   5.8379121276505428       0.56489083310310728     
   5.8431409175268527       0.56558241107154472     
   5.8483578003761885       0.56627118715048896     
   5.8535628489612721       0.56695703775057660     
   5.8587561379462656       0.56763983917886418     
   5.8639377438771207       0.56831946766727992     
   5.8691077451618252       0.56899579940148681     
   5.8742662220505011       0.56966871055007029     
   5.8794132566153943       0.57033807729410591     
   5.8845489327307581       0.57100377585709805     
   5.8896733360526374       0.57166568253527217     
   5.8947865539985642       0.57232367372823878     
   5.8998886757271540       0.57297762597000135     
   5.9049797921176355       0.57362741596032607     
   5.9100599957493030       0.57427292059646928     
   5.9151293808809013       0.57491401700524092     
   5.9201880434299614       0.57555058257543212     
   5.9252360809520512       0.57618249499054730     
   5.9302735926200150       0.57680963226190751     
   5.9353006792031318       0.57743187276204688     
   5.9403174430462569       0.57804909525845061     
   5.9453239880489139       0.57866117894759772     
   5.9503204196443527       0.57926800348929464     
   5.9553068447785842       0.57986944904132087     
   5.9602833718893908       0.58046539629435945     
   5.9652501108853038       0.58105572650718651     
   5.9702071731245709       0.58164032154214240     
   5.9751546714024704       0.58221906390286482     
   5.9800927199093854       0.58279183676544799     
   5.9850214342219692       0.58335852401714117     
   5.9899409312866210       0.58391901029401061     
   5.9948513293940389       0.58447318101650081     
   5.9997527481581319       0.58502092242624026     
   6.0046453084948910       0.58556212162295762     
   6.0095291326012736       0.58609666660158921     
   6.0144043439340722       0.58662444628947907     
   6.0192710671887921       0.58714535058373929     
   6.0241294282785196       0.58765927038866306     
   6.0289795543127891       0.58816609765323924     
   6.0338215735710090       0.58866572542092532     
   6.0386556154928268       0.58915804784064185     
   6.0434818106550017       0.58964296021027651     
   6.0483002907416461       0.59012035903327631     
   6.0531111885276179       0.59059014204566418     
   6.0579146378573991       0.59105220825357474     
   6.0627107736239516       0.59150645797064305     
   6.0674997317475734       0.59195279285532454     
   6.0722816491547551       0.59239111594804583     
   6.0770566637570393       0.59282133170823526     
   6.0818249144298617       0.59324334605111628     
   6.0865865409914113       0.59365706638433902     
   6.0913416841814652       0.59406240164433133     
   6.0960904856402287       0.59445926233237967     
   6.1008330878871746       0.59484756055043597     
   6.1055696342998633       0.59522721003656698     
   6.1103002690927770       0.59559812620007435     
   6.1150251372961204       0.59596022615618882     
   6.1197443847346378       0.59631342876038507     
   6.1244581580064068       0.59665765464222076     
   6.1291666044616351       0.59699282623872352     
   6.1338698721814318       0.59731886782724175     
   6.1385681099565872       0.59763570555777934     
   6.1432614672663277       0.59794326748476090     
   6.1479500942570695       0.59824148359818463     
   6.1526341417211539       0.59853028585416335     
   6.1573137610755726       0.59880960820478724     
   6.1619891043406865       0.59907938662733784     
   6.1666603241189240       0.59933955915273696     
   6.1713275735734738       0.59959006589330155     
   6.1759910064069583       0.59983084906967155     
   6.1806507768400971       0.60006185303698079     
   6.1853070395903629       0.60028302431018743     
   6.1899599498506133       0.60049431158853206     
   6.1946096632677161       0.60069566577914302     
   6.1992563359211648       0.60088704001970383     
   6.2039001243016738       0.60106838970022147     
   6.2085411852897670       0.60123967248381982     
   6.2131796761343487       0.60140084832654772     
   6.2178157544312684       0.60155187949620859     
   6.2224495781018723       0.60169273059017347     
   6.2270813053715397       0.60182336855211194     
   6.2317110947482126       0.60194376268771288     
   6.2363391050009156       0.60205388467928111     
   6.2409654951382620       0.60215370859928585     
   6.2455904243869576       0.60224321092276589     
   6.2502140521702891       0.60232237053861226     
   6.2548365380866118       0.60239116875973586     
   6.2594580418878225       0.60244958933206350     
   6.2640787234504414       0.60249761845169580     
   6.2686987427707974       0.60253524475002829     
   6.2733182599376365       0.60256245930751395     
   6.2779374351017836       0.60257925566877524     
   6.2825564284599187       0.60258562983890052     
